0.45823	0.458119	0.456366	0.456148	0.453654	0.451392	0.445181	0.439145	0.415454	0.407238	0.403104	0.394372	0.393385	0.375269	0.339758	0.33916	0.321357	0.317124	0.30479	0.273963	0.25744	0.255396	0.23614	0.234723	0.234349	0.206843	0.20386	0.198025	0.183308	0.179448	0.175724	0.175512	0.172275	0.16806	0.159106	0.152814	0.145605	0.116156	0.114488	0.104128	0.087956	0.077404	0.077041	0.075476	0.074949	0.067416 
 
0.34191	0.339685	0.338972	0.337889	0.335521	0.335095	0.331471	0.323641	0.306118	0.298511	0.296937	0.289765	0.286252	0.274114	0.249227	0.248836	0.238498	0.231657	0.220616	0.199641	0.185336	0.184029	0.171846	0.171354	0.17041	0.149348	0.148969	0.14332	0.143123	0.132359	0.129985	0.127835	0.126989	0.121889	0.11446	0.109692	0.10441	0.100519	0.084268	0.078331	0.063359	0.056388	0.056132	0.055042	0.054308	0.048896

0.497481	0.496215	0.491478	0.480365	0.45987	0.451707	0.430445	0.422482	0.409049	0.393116	0.38222	0.380543	0.367835	0.348439	0.331907	0.323629	0.314241	0.30546	0.294786	0.283963	0.268003	0.262569	0.257815	0.25043	0.230428	0.227202	0.214951	0.213244	0.212024	0.198306	0.193895	0.186702	0.183506	0.179013	0.153988	0.147277	0.136006	0.124616	0.123989	0.118703	0.101414	0.080724	0.07916	0.077426	0.075724	0.070741
 
0.151629	0.144706	0.144456	0.138665	0.138607	0.13805	0.135806	0.135471	0.131968	0.121371	0.117135	0.114123	0.113011	0.103022	0.101963	0.087025	0.086205	0.076722	0.066495	0.065037	0.06449	0.062511	0.06247	0.058901	0.055445	0.05293	0.046885	0.046034	0.044016	0.043455	0.039857	0.039331	0.039012	0.036916	0.036456	0.035241	0.032187	0.029838	0.028792	0.027636	0.027628	0.024798	0.02184	0.017414	0.01713	0.007739
 
784.869994	745.071411	730.89975	716.552213	670.989116	669.467427	654.497471	654.176346	640.493739	585.73847	575.789926	543.694156	536.9527	488.214423	482.150836	434.118704	426.072443	363.961001	345.97802	310.669951	310.113839	309.297755	297.428398	288.110519	270.787877	247.982065	243.817779	215.487891	210.561728	209.38882	193.260584	186.535736	180.861182	177.145402	169.018101	159.523741	147.329383	139.010628	138.988119	129.592429	121.837852	114.531394	103.334035	82.88185	80.307205	32.223129

0.328882	0.326663	0.31848	0.299968	0.268199	0.256343	0.227419	0.217272	0.200943	0.182788	0.171087	0.169335	0.156474	0.138187	0.1238	0.116989	0.109567	0.102908	0.095169	0.087707	0.077384	0.074047	0.071201	0.066912	0.056075	0.05443	0.048442	0.047639	0.04707	0.040935	0.039064	0.036116	0.034848	0.033107	0.024288	0.022171	0.018846	0.015774	0.015613	0.014292	0.010392	0.006559	0.006306	0.006031	0.005767	0.005029